Andhra Pradesh,-1.15,-1.55,-1.94,-2.34,-2.73,-3.13,
Arunachal Pradesh,0,0,0,0,0,0,
Assam,1.48,1.61,1.74,1.86,1.99,2.11,
Bihar,0.05,-8.99,-18.02,-27.05,-36.08,-45.11,
Chattisgarh,3.41,3.74,4.07,4.41,4.74,5.07,
Goa,0,0,0,0,0,0,
Gujarat,0,0,0,0,0,0,
Haryana,0,0,0,0,0,0,
Himachal Pradesh,0,0,0,0,0,0,
JammuKashmir,0,0,0,0,0,0,
Jharkhand,13.61,13.42,13.23,13.04,12.85,12.66,
Karnataka,0.58,0.64,0.7,0.76,0.83,0.89,
Kerala,0,0,0,0,0,0,
Madhya Pradesh,59.64,66.08,72.52,78.97,85.41,91.86,
Maharashtra,-1.71,-2.14,-2.57,-3,-3.43,-3.86,
Manipur,0,0,0,0,0,0,
Meghalaya,0.97,1.07,1.17,1.26,1.36,1.46,
Mizoram,-0.2,-0.25,-0.31,-0.36,-0.42,-0.48,
Nagaland,-0.08,-0.1,-0.12,-0.15,-0.17,-0.2,
Odisha,2.08,2.29,2.51,2.73,2.94,3.16,
Punjab,0.36,0.34,0.32,0.3,0.28,0.26,
Rajasthan,-0.47,-0.72,-0.97,-1.22,-1.48,-1.73,
Sikkim,0,0,0,0,0,0,
Tamil Nadu,-2,-2.46,-2.92,-3.38,-3.85,-4.31,
Tripura,0,0,0,0,0,0,
Uttar Pradesh,-0.21,-0.33,-0.46,-0.58,-0.7,-0.82,
Uttarakhand,-0.24,-0.31,-0.37,-0.43,-0.49,-0.56,
West Bengal,14.38,14.66,14.93,15.21,15.48,15.76,
Delhi,0,0,0,0,0,0,
