Andhra Pradesh,330.45,213.68,96.9,-19.87,-136.65,-253.43,
Arunachal Pradesh,0,0,0,0,0,0,
Assam,0.76,0.77,0.79,0.8,0.81,0.83,
Bihar,-4.91,-6.32,-7.73,-9.14,-10.55,-11.95,
Chattisgarh,0.77,0.85,0.93,1.01,1.09,1.17,
Goa,0,0,0,0,0,0,
Gujarat,-2.11,-2.72,-3.34,-3.96,-4.58,-5.2,
Haryana,3.33,3.72,4.1,4.49,4.87,5.26,
Himachal Pradesh,-0.06,-0.1,-0.13,-0.17,-0.2,-0.24,
JammuKashmir,0.39,0.43,0.46,0.5,0.53,0.57,
Jharkhand,5.33,5.79,6.26,6.72,7.18,7.64,
Karnataka,0,0,0,0,0,0,
Kerala,19.36,15.53,11.71,7.88,4.05,0.22,
Madhya Pradesh,0.76,0.77,0.79,0.8,0.81,0.83,
Maharashtra,-3.15,-5.78,-8.4,-11.03,-13.66,-16.28,
Manipur,0,0,0,0,0,0,
Meghalaya,0,0,0,0,0,0,
Mizoram,0,0,0,0,0,0,
Nagaland,0,0,0,0,0,0,
Odisha,0.62,0.69,0.76,0.83,0.9,0.97,
Punjab,-1.67,-2.17,-2.67,-3.17,-3.67,-4.17,
Rajasthan,102.64,104.66,106.68,108.7,110.72,112.74,
Sikkim,0,0,0,0,0,0,
Tamil Nadu,23.02,22.5,21.99,21.48,20.97,20.46,
Tripura,0,0,0,0,0,0,
Uttar Pradesh,1.74,1.81,1.87,1.93,1.99,2.06,
Uttarakhand,0,0,0,0,0,0,
West Bengal,6.33,6.37,6.41,6.45,6.49,6.53,
Delhi,-0.67,-0.86,-1.05,-1.24,-1.44,-1.63,
